-3.835431261783883716e-02 6.598783438029594273e-02 -1.499826152400585144e-01 5.462119388950743143e-02 -1.552023579960302817e-02 1.435540360438963478e-02 7.372001982080592097e-02 3.402875127373823638e-02 -5.918491258825888529e-02 -1.891380211290436333e-02 1.000000000000000000e+00
7.577316912255616099e-02 4.089911399868077779e-02 3.762895863564458265e-03 1.710095612377412339e-02 -8.856478327577962245e-03 -1.081425466174799899e-01 -6.959744819982710551e-03 -3.905198333299789160e-02 -6.844591961712387373e-02 -2.222526348446457467e-02 1.000000000000000000e+00
1.662641127506718774e-01 -2.107903663866148025e-02 4.000344795743682180e-02 8.765406642436601725e-02 -6.086715488468825985e-02 -2.054525788073843784e-02 -1.771311694721675045e-02 -3.521621030720115120e-02 -6.817217424052826602e-02 -2.337823293486213094e-02 1.000000000000000000e+00
-7.861609337142153042e-02 1.061078190888877781e-01 -7.191691403286290529e-02 6.318808889589341837e-02 4.026834619318761521e-02 -9.008166099789868819e-02 -7.091544351000611535e-02 -5.666655410079461663e-02 -7.014437167395154438e-02 -4.236201494111746513e-03 1.000000000000000000e+00
-9.944347248091324476e-03 9.112426530247758061e-02 4.015373353351445185e-02 5.270755006639767787e-02 -2.975575614732888299e-02 -5.533010857862544207e-02 3.505382587720951015e-02 -2.976961110030496016e-02 -5.499430641918962026e-02 -1.233383134374652079e-02 1.000000000000000000e+00
-4.984126872785103746e-02 -2.234508193087525463e-02 3.802119392295594258e-02 -8.378111179092470606e-03 6.845583292208558268e-02 5.486531621769104305e-03 6.637969377672223170e-02 -1.369011621000082446e-02 -6.723158372237955649e-02 -2.123629127689639212e-02 1.000000000000000000e+00
1.458794348275269659e-01 -4.575154827277012198e-02 -9.896577238947090738e-02 -1.001126453692054163e-01 -5.335317514631416486e-02 -1.732023263468111807e-02 8.443001646470232879e-02 -6.413954987211313574e-02 -5.393936728577379547e-02 -6.565578668294376301e-03 1.000000000000000000e+00
5.360919803972165332e-03 7.262187758495447509e-02 -5.622889166889821072e-02 1.041823488732647740e-01 -1.639994150778523868e-02 -3.070753744575133171e-03 -2.616252920708883600e-03 -6.251144180057757738e-02 -6.301219690009543517e-02 -2.135206404410566750e-02 1.000000000000000000e+00
-5.072260986569973595e-03 4.230942308006610530e-02 5.047367988824202900e-02 1.326692614369470169e-01 3.333514501452862488e-02 -5.151453210116771486e-02 -1.221671060357727434e-01 -3.713872483448252271e-02 -7.061689615780319951e-02 -1.851853577442259813e-02 1.000000000000000000e+00
6.805943542627865273e-02 4.913557677220123376e-02 3.808423167865671033e-02 1.181108640637400786e-01 7.925342874859736542e-02 3.145192103030702846e-02 -3.775559367273473299e-03 -1.393429111387567247e-02 -6.038412657842622683e-02 -1.248289241256808103e-02 1.000000000000000000e+00
-6.940304344971257033e-02 1.196350143111937492e-01 -4.287466029036307580e-02 -7.125250510840447360e-02 -5.444113484260656999e-02 7.911481768965290817e-02 -6.042719390780348920e-02 8.715788036185619092e-03 -6.274527328400041071e-02 -1.752927789941317177e-02 1.000000000000000000e+00
6.326445138296737936e-02 4.232830642587187553e-02 -5.133446533221502905e-02 -4.763606536566725169e-02 4.676604257039794488e-02 -1.229110846475978125e-03 -1.297979377876988250e-01 -4.537005753216500487e-02 -6.853001025908063426e-02 -1.234747489823137361e-02 1.000000000000000000e+00
6.283829184913181098e-02 1.000101465292406039e-01 -1.079873494953282470e-01 -5.877806047238187670e-02 -5.836857256827204798e-02 1.577828372954971359e-01 1.235370315105840666e-01 3.613993712038843925e-03 -8.381279724786554197e-02 -1.722504648750138034e-02 1.000000000000000000e+00
2.605188663236059077e-02 5.670143819706219279e-02 3.327865029248294748e-02 9.622787587841588608e-02 5.129527005680512008e-02 1.176590746911586605e-01 -3.501169070185915222e-02 -3.442038771551521152e-03 -5.448362540059530079e-02 -3.006371857939575676e-02 1.000000000000000000e+00
1.391631205157411837e-03 1.341226660975581297e-01 -4.625437227972095666e-03 5.653106086417036824e-02 -5.284209211364071512e-02 -4.869880491922856658e-02 1.054679688615130367e-01 -6.566824794180448066e-02 -4.126262155756580535e-02 -2.372715920832207948e-02 1.000000000000000000e+00
-4.487022604481567811e-02 -5.346808010367756075e-02 5.040523086204239112e-02 7.013053905077337724e-02 1.101551275804622532e-01 1.052113084331932069e-01 -1.710261358151020719e-02 -4.896735241643020153e-02 -5.759806089274201180e-02 -1.810164610650510236e-02 1.000000000000000000e+00
-1.297333714757455680e-01 1.070621421282538788e-02 -5.863274468238656445e-02 4.141651459513398525e-02 9.193029514680567393e-03 9.689629692006535011e-02 1.069067040413789332e-01 -1.644548878680396342e-02 -6.406756332062005233e-02 -1.317945769341750256e-02 1.000000000000000000e+00
-6.581767467471505428e-02 9.959836454547454920e-03 1.139025685386839404e-02 5.649566092858826494e-02 -2.742567892894355597e-02 1.151111128390349125e-01 1.074926122123957967e-01 3.903226902235595180e-02 -6.250853922913805760e-02 -1.699967231853012628e-02 1.000000000000000000e+00
1.652949807364692547e-02 -6.508302783481340059e-02 -6.647786856862841764e-02 3.388375891304379328e-02 -4.561442788657173175e-04 6.710222131426803183e-02 -1.370840751698647331e-01 -4.004986503491065469e-02 -8.057477243643110243e-02 -1.680158752523808197e-02 1.000000000000000000e+00
3.392237091037643426e-02 -6.732429258551797524e-02 1.330542379006873221e-01 4.151379463104037937e-02 4.688508453688652877e-02 5.928983553497699233e-02 2.221100300320698329e-02 -2.845332116815648543e-02 -6.645669707772020041e-02 -1.496134761553344003e-02 1.000000000000000000e+00
-1.695083736541943276e-01 1.370601523339144978e-01 1.116209241414877762e-01 6.020990176373131053e-02 6.637750139895093326e-03 9.744266884499364068e-02 -1.612276287493566093e-02 -5.609058785391956431e-02 -6.946330716671818284e-02 -1.236764522863641365e-02 1.000000000000000000e+00
-1.060386609920531409e-01 1.439010628692850013e-01 3.271253349647265662e-02 -2.513605609773941763e-02 -5.637745920617165396e-03 -1.190235509798342473e-01 -8.403136472103940602e-02 -2.299753257898247069e-02 -3.835194276040353872e-02 -1.686583453077130507e-02 1.000000000000000000e+00
7.348468669302815615e-02 8.417693565190181859e-02 -9.507702533932273214e-02 7.797222845955750770e-02 -7.673694781032913692e-03 1.108872527650949236e-01 -7.171557761123852157e-04 1.026016103628964518e-02 -6.304202405041117729e-02 -1.629569182373511241e-02 1.000000000000000000e+00
-5.125864036527279233e-02 1.332791568906203372e-01 1.358598349850982934e-01 -1.023676174975354791e-02 1.664937780188563421e-02 -4.332287071562418435e-02 3.802735673226338015e-02 8.411792018703396004e-03 -6.293750652432190951e-02 -1.078049935087880065e-02 1.000000000000000000e+00
-1.257741441019634143e-01 -1.044137719535732783e-01 1.594276447080737735e-02 8.607862218310025071e-02 9.426685676898294286e-02 3.935519593739972288e-03 -4.374738865893855466e-02 -3.736613070739219084e-02 -6.081700926585034694e-02 -1.459379673736251048e-02 1.000000000000000000e+00
1.003492654590481259e-01 7.969402029938357779e-02 8.911917442958650071e-02 2.797989761543909215e-02 -6.769655549352271429e-02 -6.585670392633519166e-02 7.843323388327994028e-03 -3.826280795217501529e-02 -4.992442425778167298e-02 -2.722171070018074290e-02 1.000000000000000000e+00
5.346548121012213717e-02 4.084857491741950009e-02 -5.065032062649474365e-02 4.413512559954049785e-02 -4.903418006440818377e-02 3.613806278314671272e-02 4.249852172284367818e-02 -8.513376410171408573e-03 -4.636876569408374810e-02 -2.273236558926443329e-02 1.000000000000000000e+00
1.008750557660040466e-02 -8.181936621506680218e-02 4.547456953489271980e-02 2.981961400616275903e-02 -7.216397984913858199e-02 -7.210351367931328026e-03 1.256220427424963315e-01 -4.803638707299903721e-02 -4.087389555743391190e-02 -3.394078543659904273e-02 1.000000000000000000e+00
6.354492555527345432e-02 1.267450605248906514e-01 2.572691913854412149e-02 8.564645044351974768e-02 -3.829668852168585658e-02 9.279351487508485929e-02 -3.563142641826728269e-02 -5.378546494942416240e-02 -5.313977817070224957e-02 -9.265278594305804277e-03 1.000000000000000000e+00
-3.287863209449193302e-02 3.068893902606562030e-02 2.866666722251443034e-03 6.457814495046521053e-02 4.618436764498369540e-02 -4.265129096473318365e-02 -1.676589522430593435e-02 -3.838134977884233995e-02 -5.346326296119698063e-02 -1.615268189375805921e-02 1.000000000000000000e+00
1.050011676405288030e-01 1.090354512864891712e-01 -2.264888975308167879e-02 7.878662190912076591e-02 -1.429517481951645373e-02 -3.774559222904537437e-02 3.536916802836851531e-02 -9.242413722492959227e-02 -5.028716753872878448e-02 -2.876571939969964353e-02 1.000000000000000000e+00
-1.066854816360875979e-01 3.797270676132755152e-02 6.790219713933685897e-02 9.793567809715367223e-02 -1.800054659754177777e-01 9.525860168533618888e-02 -6.756616999303462212e-02 -3.967342244546719771e-02 -6.168351004170687102e-02 -2.431107441651632686e-02 1.000000000000000000e+00
8.650217465950987838e-02 -6.503740944397096158e-03 -3.753462283142476597e-02 -7.176030558954622079e-03 5.232765113890910924e-03 1.127439315838881136e-02 -9.922584781722584846e-02 -3.706999968830455849e-02 -4.780725424234465171e-02 -2.579183258602812251e-02 1.000000000000000000e+00
-8.065338104648542283e-02 -3.115377033067946375e-02 9.204725349300463266e-02 3.091453029365657384e-02 -1.763638131334030468e-01 5.218160205566557686e-02 2.472365900762376473e-02 -6.141502512317658508e-02 -5.060639662983219128e-02 -2.615823994528851740e-02 1.000000000000000000e+00
1.900528851401292463e-02 -3.667804734101280661e-02 6.301066089343251853e-02 1.099776376369383246e-01 2.858074957968466390e-02 -4.438597747643171360e-02 -9.621830371221998246e-02 -7.586309847021610597e-02 -6.314734866017454595e-02 -6.765924322326389954e-03 1.000000000000000000e+00
9.886495836758388278e-02 4.313725488728841276e-03 1.083438194082547296e-01 -4.909116018844095208e-02 2.982233966737878397e-02 2.056853894061851443e-03 6.926082939531183480e-02 -4.850212267550794987e-02 -5.186583842921660414e-02 -1.867657716203813961e-02 1.000000000000000000e+00
-2.056053159475807607e-02 4.983027027859600333e-02 2.172489152305431825e-02 1.959803006645696732e-02 -5.242176289138349154e-02 1.729326640016740912e-01 -1.804755294533396115e-01 -6.726813405516982036e-02 -3.425822982472059852e-02 -2.452974558937070712e-02 1.000000000000000000e+00
5.670792976833825133e-02 6.732261762139153671e-02 -1.733477186318075139e-02 -2.849444326421723614e-02 -7.506635853164087338e-03 1.751309699167775047e-03 8.152529709625178436e-03 -5.204599132994257998e-02 -5.506825372124942580e-02 -3.485079115321411403e-02 1.000000000000000000e+00
2.502382405227848022e-02 -2.204922763315821793e-03 -1.236031031109978418e-01 3.079698285400289670e-02 -1.260181408438129369e-01 -2.896156802926101032e-02 3.116093320673532854e-02 -5.943716581384857894e-02 -5.824015395339245810e-02 -2.281423631383231246e-02 1.000000000000000000e+00
-2.496001083254179020e-02 1.105453401020160473e-02 5.623120748424340065e-02 -1.286796939633710370e-02 1.112896773053344002e-01 1.766572051878356475e-01 3.738940929242001721e-02 -2.753900348592913314e-02 -5.941230012630372564e-02 -1.843407050340730227e-02 1.000000000000000000e+00
9.116957520554114236e-02 1.424656649845074292e-02 7.916079636030211308e-02 1.164055352365700458e-02 -5.561875484435006151e-02 1.317712118385662087e-02 6.361994088695344107e-02 -4.236732992181264229e-02 8.121021230827149551e-02 -5.812698492392665700e-02 1.000000000000000000e+00
1.808391613565531880e-02 4.921463601334952892e-02 -7.403911970938915899e-02 3.487102105022481940e-02 -2.723075298462209956e-02 -4.321883207921144165e-02 -3.914591841955297746e-02 -3.668512773613904349e-02 9.524476339631686439e-02 -5.417161792381736118e-02 1.000000000000000000e+00
3.957664673011920126e-03 1.748790425111656360e-02 -3.973122640422829810e-02 7.245931087749375721e-02 3.338957237558071861e-02 -1.073903675265868059e-02 7.169617224470334338e-02 -4.542841054034998938e-02 1.044777082159400183e-01 -5.866286151022481743e-02 1.000000000000000000e+00
7.413127865261756599e-03 2.296472711791775270e-02 -5.864383841533130776e-02 -1.900000476935847149e-04 2.643417099633025777e-02 -2.229344376679968931e-02 7.511280391244687382e-02 1.535452576953853614e-02 9.557352877696839721e-02 -6.176351921851210708e-02 1.000000000000000000e+00
3.742939729518986181e-02 -3.348102548056276773e-02 -8.234551080214001784e-02 -2.555332797225377470e-02 5.482132864745480755e-03 4.253900761688310384e-02 -2.220969110861764281e-02 -3.462379488414296658e-02 8.421556943728808475e-02 -5.669918792552673670e-02 1.000000000000000000e+00
7.242794900207105702e-02 9.251830070418333440e-03 -1.597665657852167728e-02 8.122863480607291076e-03 5.561202832252965661e-02 -2.941202111423008372e-02 9.765508019113870730e-02 3.051321296003674244e-02 8.377712891476103707e-02 -6.086563326107525401e-02 1.000000000000000000e+00
-4.732392039951505147e-02 2.845726474480734375e-02 1.154811040966431390e-01 4.620794817891095245e-03 4.768995290887301924e-02 9.849721997595040079e-03 -3.731316534441531801e-02 -5.301499372946937710e-02 1.009035347650661524e-01 -5.319488324318610850e-02 1.000000000000000000e+00
-4.917255748589968029e-02 -5.317621515682605104e-02 9.246713088028014893e-02 7.260775217676321107e-03 3.749365639979372177e-03 1.198611942647070071e-02 -3.235683099949077102e-02 -4.032147650284562991e-03 8.850070137446509888e-02 -5.814739064235894400e-02 1.000000000000000000e+00
5.571437084458959188e-02 2.406117812092656294e-04 4.037264027935267424e-02 7.865442179607008352e-04 9.138783155207112763e-02 8.057984051470078180e-02 3.556821007908761260e-03 -6.201959004609239323e-02 9.472621876383489903e-02 -6.120869805086475574e-02 1.000000000000000000e+00
-3.176133738474175988e-02 3.687014666678241868e-03 -2.612526570708924648e-02 -3.278491840637763610e-02 5.330232938760353506e-02 -1.371509272944039792e-01 -6.713951500877700374e-02 3.516745842584215881e-02 -1.451780054496403828e-02 3.304190339244196528e-02 1.000000000000000000e+00
4.654946453325826614e-03 -2.848983167520979538e-03 3.660629064650638281e-02 -8.739264591636132506e-02 5.445705773565148733e-02 -3.798932774498466058e-02 1.750367444991108093e-02 -4.774703986556681073e-02 8.521253311845099210e-02 -6.220289243612991265e-02 1.000000000000000000e+00
1.227845839222335700e-03 -3.092126065144479297e-02 -6.076862212378167372e-02 3.540704958818952780e-02 1.094524215115687954e-02 -2.345295233234154491e-03 -1.847119837288255934e-02 -2.473365111752598780e-02 1.004770762866884493e-01 -6.144182310604166808e-02 1.000000000000000000e+00
-2.362979080657585940e-02 7.773938769487025169e-02 -1.321156597787602298e-02 -2.063176063458348891e-02 -5.328295004920562822e-02 9.610626823701645671e-02 -9.297353206268152426e-02 -4.051834014430397840e-02 1.115369249635966425e-01 -6.338960813486399504e-02 1.000000000000000000e+00
3.205781729292578319e-02 -1.456822211905717604e-02 -1.218803090670540074e-02 -8.228521886903990279e-02 2.409521990375888476e-02 1.372947324434398708e-01 3.785896255335551019e-02 -7.311489626932951309e-04 8.823554376877346117e-02 -6.275192292691431084e-02 1.000000000000000000e+00
1.178315872496665806e-02 2.782322464003101486e-02 6.450699767799801532e-02 -3.537557118939524403e-02 5.810359608539390069e-03 4.710663169919133281e-02 3.285515101831213564e-02 -2.615672491913918069e-02 9.344882994833196566e-02 -5.373060689082923697e-02 1.000000000000000000e+00
8.083665038869235209e-02 2.240096403695496924e-02 -1.746808428602193318e-03 3.911279439666932173e-02 5.697737078206951966e-02 -6.908556549520294965e-02 -4.088926642521049232e-02 -3.757557375242810693e-02 9.695655749692148884e-02 -6.443116236045876022e-02 1.000000000000000000e+00
6.108893517263205841e-02 1.529277075670186503e-02 -1.014339649493518208e-01 7.417422148403123028e-02 6.729848796963076342e-03 -1.428444596459164028e-03 -4.513478182795738897e-02 3.544649738083509999e-02 9.147105202335203966e-02 -6.161551484088368530e-02 1.000000000000000000e+00
-7.077632045889871264e-03 -9.772841153119780910e-02 1.376885681851582888e-01 -7.672869263386275507e-02 1.296471134947995985e-01 -1.607899904033531502e-02 9.422860405399509365e-02 3.668605474506005798e-02 -5.288752095798055636e-02 -6.061848655571135461e-03 1.000000000000000000e+00
-1.042683218300160253e-01 4.717535621942056667e-02 -1.428638340866356495e-03 -7.877945666306386541e-02 8.705549159323520969e-02 -1.081206093336839758e-01 -2.231776027973255555e-02 -1.930122582421338676e-02 8.700283110844078682e-02 -6.075892049125123512e-02 1.000000000000000000e+00
1.723042552734446037e-03 1.538798477377737936e-02 4.293066307383196223e-02 -1.458271364355956216e-02 3.092549986832858477e-02 6.034011891480242640e-02 -1.537744634837742534e-02 -3.699236585876139460e-02 9.546409049284419746e-02 -6.274470204159492137e-02 1.000000000000000000e+00
4.585563362806285848e-03 1.355980778415497197e-02 3.173053317011192975e-02 -7.946741690341872777e-02 -3.131105282448332777e-02 -4.725447208883806760e-02 2.139689673191340000e-02 -2.045858310211824335e-02 8.108671005224153683e-02 -5.469972241136463603e-02 1.000000000000000000e+00
-5.983081279755557425e-02 3.692783177608064370e-03 9.984154133867764735e-02 -7.934433157199866082e-02 -8.068087988000015309e-02 8.265121008945786052e-02 -2.094998925783361776e-02 -4.111584481827090104e-02 8.254545714199532092e-02 -5.623861041041260805e-02 1.000000000000000000e+00
8.152580610938414685e-02 9.270862034753321601e-02 -6.779728568009725509e-02 -2.546146510310884903e-01 1.162456542279802635e-01 1.497825894537497537e-01 7.969682106539935362e-03 8.473041440844417127e-02 -3.396347368061672367e-02 -1.431800916354864298e-02 1.000000000000000000e+00
5.651858227614647845e-02 -1.815258911676658274e-02 -6.491326351096823877e-02 -6.976274309123066397e-02 1.494132797227135621e-02 -5.853983206383338474e-03 -1.111843387479650586e-01 -3.818389160203488654e-03 -3.943684924886950438e-02 -7.930307406517582772e-03 1.000000000000000000e+00
-4.024790735784402468e-03 -8.657423042530217050e-02 -3.428896585481117781e-02 -2.990430926268994316e-02 5.735195755472707185e-02 -8.133267506962935101e-02 -2.067825274545920938e-02 4.239074280213395857e-02 -4.424837947602541788e-02 -1.552338146837545924e-03 1.000000000000000000e+00
-2.439542067442249107e-03 9.827194750447804106e-02 -7.384438088149078427e-02 -1.021302823584052666e-01 -5.425784585341576760e-02 -4.660974216747072740e-02 6.228003000241699033e-02 -1.035386601635336992e-04 -3.751351153887689388e-02 -1.013869827845659613e-02 1.000000000000000000e+00
6.200727017541270147e-02 3.065547867007992547e-02 -5.063412899410400791e-02 -4.721869554871387098e-02 5.954230245403462768e-02 -2.033198912481512521e-02 -4.162314770204020298e-02 -4.219289330182166009e-02 -5.334098012941049238e-02 -9.712047012079873254e-03 1.000000000000000000e+00
5.145412141629866765e-02 1.053086223630082807e-01 8.044982598998859369e-02 -1.119646418661509879e-01 1.213424281303324415e-01 -5.836033075206422532e-02 -3.682093146774299136e-02 -1.505886493447765144e-02 -5.113496323944699551e-02 -1.753309563603211094e-02 1.000000000000000000e+00
6.600994278163448137e-02 4.446517813780946626e-02 1.711642664878494299e-02 3.647163811729974697e-02 -4.568594055097421891e-02 -3.058954369788230085e-02 9.933480850312058352e-02 3.941835254177664810e-02 -2.965360399553514451e-02 -5.981735950011661529e-03 1.000000000000000000e+00
9.676893623203094985e-02 2.638163717838171163e-02 -3.398460441611760030e-02 5.775051603543310957e-02 -1.231704437486428189e-01 1.967262802484942910e-02 -1.419567468507106356e-01 1.601303431998967741e-01 -1.991624734621851370e-02 -3.548308757116098999e-02 1.000000000000000000e+00
-2.795418906522794192e-02 2.980640539976094072e-02 -5.001744457597020327e-02 3.120602842622082276e-02 9.777819638399350144e-02 9.298067061525262453e-03 8.897126530866132643e-02 1.407714694519459075e-01 -4.389699213666375249e-02 -4.345284140488023597e-03 1.000000000000000000e+00
-3.988684398094616973e-02 -6.643392166122273623e-02 1.176897963543330483e-01 1.686519849891237113e-02 5.997455594403855623e-03 6.781471757921134214e-02 1.414730861693919151e-02 3.999053911629636693e-02 -1.405442340130439415e-02 4.231751826700878849e-02 1.000000000000000000e+00
-7.592032259716108289e-02 2.879958539661729711e-02 -1.298430644274753687e-01 1.835185434411370359e-02 -1.387939995375885860e-01 6.041035696307007347e-02 -1.151519692575018600e-01 -5.951594221005758467e-02 -5.285549550604672769e-02 -6.336106950999933519e-03 1.000000000000000000e+00
-1.343207998400799963e-02 -5.490042869113856416e-02 1.007608834720911117e-01 -8.447294864250898261e-02 3.225822700129864912e-02 2.673141800856176920e-02 -2.186250890108059897e-01 4.475175074534800540e-02 -2.214771377788488788e-02 -1.753082104530500132e-02 1.000000000000000000e+00
-8.285746139793943865e-02 6.698697181988380600e-02 -5.267573268329478475e-02 2.012489391456270121e-02 -5.300344550911374741e-02 3.234800540237767631e-03 -1.366295929466964654e-01 -1.090520039063261164e-02 -4.974476452345134858e-02 -2.228002112635479523e-02 1.000000000000000000e+00
9.545473681787866593e-02 8.890469599209403773e-02 -1.170839749629247889e-01 -1.254422741339859537e-01 1.196968209238983769e-02 -2.132817541452152257e-02 -1.235549112435220809e-01 6.843593936463775174e-02 -2.540861832328167660e-02 -2.278919589943183971e-02 1.000000000000000000e+00
2.164231490650291717e-02 1.210973305056904092e-01 -7.431984260163674444e-03 3.110711734716021040e-02 -1.643330734958537917e-02 -3.328151534830169067e-02 -2.971383366089699538e-02 9.729526353540957073e-02 -2.980265008030930085e-02 -1.797555733421087390e-02 1.000000000000000000e+00
2.370761833603041505e-02 1.222382855962283882e-01 -3.936613810739671843e-02 1.151113238469276406e-02 -9.735090301042341465e-02 -8.237278064757158624e-03 6.994827001140717371e-02 3.873874894408426556e-02 -3.792028675029214535e-02 -6.230335651409090771e-03 1.000000000000000000e+00
3.934058075614719346e-02 -7.283146726668877913e-02 -4.946294503381494512e-02 -3.274088125199435539e-03 3.064926548624478247e-02 -2.061464568715762335e-02 4.409425623035415770e-02 1.140700861331200994e-01 -6.476974603184669672e-03 -2.708785628248831095e-02 1.000000000000000000e+00
4.103027504116643631e-02 3.547036579016886459e-02 -2.007369344185060828e-02 5.704436390479074998e-02 -4.762463437325276799e-02 1.877808603268392440e-01 2.609016116747524261e-02 1.214952005470049459e-02 -3.776789081986366148e-02 1.942102246796950302e-02 1.000000000000000000e+00
-6.968992071323665272e-02 1.016249870195659946e-02 8.994304931601157516e-02 3.089086931920278362e-02 -2.556662578080683493e-02 -5.041809477270740164e-02 4.837533035009504434e-02 8.485120498193400237e-03 -4.903208645437336088e-02 8.972415098630016558e-03 1.000000000000000000e+00
-1.106201915031856248e-02 -7.254706868843617540e-02 9.412143378715996656e-02 -4.971146083831526341e-02 -1.530246263286780262e-01 1.442668639367582911e-02 3.355512156587193290e-02 1.083780545193209488e-01 8.107912735555063144e-03 -7.670890497413113823e-03 1.000000000000000000e+00
-5.145959803554575607e-03 -2.137960632429697361e-02 -3.678995898674508602e-02 -1.229415968959190336e-01 -3.735635828236373579e-02 2.647425168357403144e-02 1.783689601210407261e-02 1.552994162216369579e-02 -5.538682361186953590e-02 -1.930013614502267341e-02 1.000000000000000000e+00
-7.325533693334945751e-02 2.067333304312671607e-02 -6.331562684883570991e-02 -2.297974050804403156e-03 -2.003547931878535415e-02 -5.194607801070667136e-02 -1.491941011187334146e-02 1.242186681368248197e-01 -2.776930015127606136e-02 -3.257622970100385040e-02 1.000000000000000000e+00
-2.136940137765569112e-02 -1.518693788732101459e-02 -1.942597020757243567e-02 2.087265098568587274e-02 1.217380384913020197e-01 1.932478369847506761e-02 1.427500029898113275e-02 3.087832429729733125e-02 -4.575893002146178001e-02 -1.128566187430389035e-03 1.000000000000000000e+00
7.702156987217118750e-03 3.816744596001460377e-02 -8.367606343655058926e-03 7.233657282709479719e-02 5.119571272168355752e-02 7.357855127403123419e-02 1.272062801947239086e-01 -4.424656914006374828e-03 -5.053496452670126066e-02 -1.368982080264570522e-02 1.000000000000000000e+00
-3.867887856652500733e-02 -2.276067600176783640e-02 -5.476281916414496576e-02 1.315342956993483491e-02 1.551743148481866952e-02 5.136493288893301951e-02 -1.774028901349477411e-02 1.142345778838064346e-01 1.662176752552986872e-02 8.033133920736713895e-03 1.000000000000000000e+00
-1.041593791851928505e-02 -2.239109303105819501e-04 -7.596934478105535349e-02 7.992834504311596699e-02 1.645809249461295809e-01 6.681274473556746141e-02 -1.562630555285176442e-02 1.709845966199967093e-01 -2.951496831175147093e-02 -2.977485117660908995e-02 1.000000000000000000e+00
-4.857264061193951321e-02 2.791570217418312683e-02 -4.455354674285799677e-02 -3.240159494666956103e-02 8.001961324750243854e-02 2.707486482481564691e-02 4.135599166427220835e-02 1.277953192355281986e-01 -3.498968398553113646e-02 -1.178946121938129026e-02 1.000000000000000000e+00
-4.386391325562002952e-02 -3.702689926177057944e-02 1.500098548893551154e-01 -2.092785366854462217e-02 -2.296332368040175653e-02 -3.711722969946604916e-02 -2.089946923158677305e-01 1.529145568526863244e-02 -3.071455292193941630e-02 -2.303061844540531949e-02 1.000000000000000000e+00
-4.433835341505976829e-02 5.785875798259115799e-02 3.891118005737172897e-02 -8.315611321272141365e-02 -5.013757886885220755e-02 4.568381924515654835e-03 1.204708138724020355e-01 1.296444896091394350e-01 -3.846223658070016538e-02 -2.469089537252880731e-02 1.000000000000000000e+00
2.192484385083508236e-02 -5.385552599453143768e-02 4.923883038822417929e-02 -4.883455911812756983e-02 -1.681289096475501732e-01 3.932409173486194585e-03 -1.921765211579275212e-02 3.898476764160247604e-02 -4.693912019357553839e-02 -3.070278899152346572e-02 1.000000000000000000e+00
-6.375564913833731140e-02 5.285266054496026711e-02 3.178420065019788021e-02 4.542187876490637322e-02 1.558074072250482667e-01 1.246245163816888518e-02 -1.906968902910228039e-02 1.849762570332638134e-01 -2.477571321011527369e-02 -1.876694394649099096e-02 1.000000000000000000e+00
5.593276049363719166e-02 -1.225634442897689386e-01 -3.508498457336626988e-03 -8.375666295019312813e-02 -6.333694816210340417e-02 -4.098240515147313218e-03 9.409670235823897055e-03 1.752536558514298515e-01 -2.244938627702599068e-02 -3.612178971428055968e-02 1.000000000000000000e+00
-4.224341840109792356e-02 -1.236452044310259457e-01 -4.799290737892059067e-02 7.791796573093950906e-02 1.014385254341086812e-01 -2.114593514927460768e-02 -3.124742821438606863e-02 4.093061015434821398e-02 -4.265939011724908386e-02 -1.894992038761488667e-02 1.000000000000000000e+00
-4.809907882864536410e-02 -3.465109801350617445e-03 -5.655507352851383424e-02 2.718779954355437373e-02 1.069320035356876837e-03 -7.475815781454223617e-04 1.006767867960080137e-01 -2.262487701012078339e-03 -5.086106301724566819e-02 -1.239574041651737152e-02 1.000000000000000000e+00
-7.906884178636684746e-02 -5.402563380756176398e-02 1.413564208471609629e-01 6.216878253604776750e-02 -5.638264945891322683e-02 -6.166979621183712318e-02 -5.029129537024811664e-02 4.434971632162737487e-02 1.808739335685633767e-03 -3.073425859752448169e-02 1.000000000000000000e+00
-1.480884697444003611e-03 -4.389528563095880520e-02 1.725404238865127782e-01 -4.349998689619722497e-02 -1.607807350903765514e-04 -1.383140138831830644e-02 5.651365395458959884e-02 -3.571379099678953506e-02 -7.171591414955924559e-02 -1.373715322347047151e-02 1.000000000000000000e+00
6.519345617066345244e-02 -9.867587362684500374e-02 -4.572519956989952450e-02 -4.586573133995014429e-02 -1.129344880929862155e-01 1.573367392112571053e-02 -6.610307975729623996e-03 -1.930796358698873630e-02 -4.296541219720478172e-02 -1.731881208306831899e-02 1.000000000000000000e+00
-6.112861028093884846e-02 -3.017553420392315219e-03 1.720558893805830894e-02 -1.454925031393470014e-01 6.632400605134376737e-02 -8.941487087424392077e-02 -7.169045529605845568e-02 -5.233446569563043882e-02 -6.676981824827339651e-02 -9.510056112891317193e-03 1.000000000000000000e+00
-5.533295615507925758e-02 -1.274416835111104596e-01 -5.955225295734585533e-02 -4.352018548281721272e-02 -7.168916886609465189e-02 -6.534608297133941146e-02 2.175904477115679289e-02 -5.621102729319137070e-02 -7.453968878022125544e-02 -1.606531154923502777e-02 1.000000000000000000e+00
6.217602843766947135e-02 3.335588575559977897e-02 5.167299074636681755e-02 -2.836808932975919476e-02 5.059369301374246064e-02 -8.402596494983667619e-02 -2.156717127513823815e-02 -3.830125376116172431e-02 -5.818081660305181313e-02 -2.195535985876939308e-02 1.000000000000000000e+00
2.466409125711911329e-02 -1.550483232983878856e-01 -5.907117254911699311e-02 -1.029567696242105791e-02 1.229838748459256281e-01 4.609717960140738424e-02 -1.041716235432795304e-02 3.226151385744413860e-03 -6.399013386378894774e-02 -2.504244924631438690e-02 1.000000000000000000e+00
-5.173356213048273949e-02 6.147700035925587891e-02 3.180659709208517871e-02 -1.109700224323864476e-01 8.310317515726600712e-02 -7.391503244208768447e-03 -1.092937293121885450e-01 -3.395168101695464347e-02 -6.552676482091869536e-02 -1.842669493826179505e-02 1.000000000000000000e+00
-1.014923803759623239e-01 -7.989810563503256524e-02 -2.241149699530033818e-02 -1.463446479637007733e-02 8.171841572073437754e-02 2.205112195392543509e-02 -1.564900085894380122e-01 -3.314821461773313077e-02 -6.024799137379743819e-02 -1.952329973723863216e-02 1.000000000000000000e+00
-1.378308641690627855e-02 7.670531153838837900e-03 9.405142103612493254e-02 -5.437816813533361687e-02 -9.191061408288456192e-02 -2.098715128154756554e-02 5.033535486823506426e-03 -6.819820596767751410e-03 -9.737749843564728891e-03 3.376436995438669014e-02 1.000000000000000000e+00
-8.548035834861883453e-03 -9.644401208277267323e-02 8.445989638333943617e-02 -1.002141877661109209e-01 -1.600363588584810537e-02 1.724011723292920642e-02 -3.094353247628968059e-02 -5.437279797439940193e-02 -4.871104620504575905e-02 -1.174596177207893472e-02 1.000000000000000000e+00
-1.594476761655102270e-01 6.944082196618455750e-03 -1.454065146836253444e-02 -2.238638058343200843e-02 -4.106825489168543925e-02 8.780996303127536207e-02 -8.482832256636817225e-02 -2.688361413682184564e-02 -6.647505623389636520e-02 -1.208802847199848783e-02 1.000000000000000000e+00
-4.104960541596924112e-02 -1.350591306214125320e-01 -5.639819404818962462e-02 5.294215229119807187e-02 -9.034919041755680447e-02 7.051612603455660946e-03 1.975735910547503707e-02 -5.974652799103615658e-02 -7.553302618743822083e-02 -2.251931357897264674e-02 1.000000000000000000e+00
-1.345044763217059791e-02 -4.298851159117413057e-02 4.642462918226952784e-02 -1.677306374993046967e-02 -9.456797140357560416e-02 -5.791837307977910215e-02 3.550590355134652931e-02 -5.360704603570572852e-02 -6.435692978729624925e-02 -1.856854025592735019e-02 1.000000000000000000e+00
-7.128757658457046675e-02 -1.141806359540994131e-01 -3.421542052557635660e-02 -3.271029450856631493e-02 4.439413975593638900e-02 -9.297442011812859231e-02 6.244221999556359010e-02 -9.633896974440900665e-03 -7.177369343135174551e-02 -2.801142996532595547e-03 1.000000000000000000e+00
6.632720586721373157e-02 -7.662124381682795804e-02 4.045069534700609926e-02 -3.009928734790087018e-02 6.184806301170230058e-02 -3.988348186448406260e-03 7.090819270780317207e-02 -2.558020471986563113e-02 -7.508049828873640530e-02 -4.700942932529534983e-03 1.000000000000000000e+00
7.569577575582860096e-03 -1.372044436053760363e-01 -5.768423882144429332e-02 2.195459124832559172e-02 1.882149902574759351e-02 -1.238722403517116682e-02 -6.197161756413972766e-02 -2.550412653754953463e-02 -7.231094044897148909e-02 -9.696844541297639994e-03 1.000000000000000000e+00
-9.785921451206415489e-03 5.884908160083882761e-02 8.316659312952431882e-02 9.545127289580805641e-02 -2.827086394788993519e-03 -7.336809718266679159e-02 2.407551570982389803e-03 -4.373048586109268970e-02 -5.007149050164336895e-02 -1.740301609228612351e-02 1.000000000000000000e+00
6.969717600056943296e-02 3.519127354347015291e-02 6.888209587668094047e-02 -4.977517167078552435e-02 1.715648652348448766e-01 -8.583257925400394894e-02 -3.204187558985809731e-02 -5.302641212768945123e-02 -6.162466758185124877e-02 -1.324583872564470514e-02 1.000000000000000000e+00
-2.711859409164794898e-02 -3.849111114989876153e-02 5.473206991692078360e-02 6.068133190018400874e-02 1.230368794253666048e-01 2.993097459601669688e-02 4.257872324645969181e-02 4.066300902917967947e-03 -7.254619197226888638e-02 -1.609651770723993791e-02 1.000000000000000000e+00
5.392613849693663614e-03 -5.711762680764656541e-02 -9.476104514985646265e-02 -5.872676512532908760e-02 1.620463603176583792e-02 -2.251348907271314911e-02 3.055796207398808143e-03 -5.235466847514815697e-02 -6.026496063324111169e-02 -1.641008202025758672e-02 1.000000000000000000e+00
7.796519788314704158e-02 3.059142555775939271e-02 -7.793742432914426733e-03 -1.599999040679074905e-02 1.826737530580256272e-02 -2.212456442010707347e-02 1.691027566039142102e-02 -4.403456571277269971e-02 -6.700064324986415576e-02 -1.368361854228333264e-02 1.000000000000000000e+00
1.049973624733476218e-01 -5.866006654595880276e-02 7.578789981914928198e-02 -5.216774813094665619e-02 2.291875814273036313e-02 6.131241309999512640e-02 -5.758955601616262687e-02 -5.995626273978993392e-02 -6.352647181853054992e-02 -2.103965966353714065e-02 1.000000000000000000e+00
9.987253344802805854e-02 -9.794030344343129801e-02 -4.525263964839878333e-02 7.261652028349661891e-02 -6.704971197676588834e-02 7.882465065303086160e-02 2.514521646046521258e-02 -7.261037815886176028e-02 -6.277733861094617063e-02 -1.975952842660346626e-02 1.000000000000000000e+00
2.088397112320525273e-02 -1.721031740320727588e-01 2.939925513741364557e-02 1.087893670318521161e-01 5.026768136152573452e-02 7.662928871972829936e-04 5.555400183578985962e-02 -8.032719713807569273e-02 -5.554185974837407003e-02 -1.585264369290416767e-02 1.000000000000000000e+00
-1.351420262022443308e-01 1.531273300881955644e-02 -4.163487038896409101e-03 3.325610537135054862e-02 -1.097056123222353574e-02 -2.838504885192836072e-02 4.599467998381309014e-02 -2.104317702986709462e-02 -6.091602062103729925e-02 -1.497745976904275682e-02 1.000000000000000000e+00
-1.812966459449174561e-01 2.494908060997190133e-02 -8.309753946916423328e-03 -3.860713928494701602e-02 -6.144096322353833489e-02 -8.329248402244580907e-02 1.125323583258451832e-01 -4.200883233969734953e-02 -6.537023040922823602e-02 -7.697828516532129878e-03 1.000000000000000000e+00
1.191521837704856007e-01 7.203088893831179063e-02 1.002652164768960824e-01 -6.780468318092326696e-02 -8.522957662411745350e-02 -3.813597211087813021e-02 1.113622386280478521e-01 -3.928179369601098730e-02 -7.272309715375302464e-02 -2.570842154299716326e-02 1.000000000000000000e+00
3.209584553704655091e-02 3.030136684491268467e-02 4.059957013960444235e-03 8.731967328164802608e-04 -7.402886949700009100e-02 5.036768309934633314e-02 -3.136852150009648843e-02 -1.843521485615580782e-02 -5.986798322608653106e-02 -1.591209817901269308e-02 1.000000000000000000e+00
2.157395750864601197e-02 1.799616600037159259e-02 -3.072929260153962200e-02 -2.443429107706240888e-02 2.991252566869742960e-02 7.721816741845127785e-02 5.112807262640482742e-02 9.872854022341566449e-03 -6.647365743780417335e-02 -1.701312675921156509e-02 1.000000000000000000e+00
8.866029553336852997e-03 4.844805768728122769e-02 1.387090911849644670e-01 -1.696234098621279135e-02 -6.733943447960316631e-02 -1.390103546299947257e-01 3.208408081601762940e-02 -4.240113860730374690e-02 -6.554825323430334139e-02 -2.411812527057924024e-02 1.000000000000000000e+00
6.679613468611290961e-02 -5.924472060102085186e-02 -3.169524098908104576e-02 -8.932453389945892164e-02 -7.215008867175644325e-02 -1.838400182444848905e-04 -3.841370671539200837e-02 -5.564121152174040380e-02 -6.174264905197562187e-02 -1.827864330836944870e-02 1.000000000000000000e+00
-2.215496892424829306e-02 9.676610275310113668e-03 2.359780291788913728e-02 -6.437011252561385122e-02 -2.985095224307480468e-04 1.416010895241197887e-01 1.048431464209714226e-01 8.010221482461566886e-03 -7.378985959255238147e-02 -1.904885526704212101e-02 1.000000000000000000e+00
7.747988051724213898e-02 -1.270529992223204674e-01 1.214210892553950344e-01 -4.451282607337025705e-04 -3.033805951122057944e-03 -1.358636509773294282e-02 2.282027295888501908e-02 -6.873950740564158113e-02 -6.547645563235512944e-02 -1.860909497588174658e-02 1.000000000000000000e+00
1.125101834093494291e-01 6.501330561285471876e-02 7.884727155582185384e-03 -6.014519623133061238e-02 7.222852420430581066e-02 -9.056787649456601516e-03 8.858412478736796269e-02 -1.187108192218871983e-02 -6.213682450903484228e-02 -1.021445148013123798e-02 1.000000000000000000e+00
1.748162355906700272e-02 5.071249716045544975e-02 2.897121884644995610e-03 -1.097367140953651871e-01 5.903717143812368950e-02 -5.288401374377508374e-02 6.074702789275523811e-03 -1.766637086274967100e-02 -6.115786219633793236e-02 -1.474088775446687032e-02 1.000000000000000000e+00
-2.923298407256245957e-02 -1.457907426966650322e-01 1.097079382404934564e-02 3.188785536406921195e-02 -3.420918678053624928e-02 5.469570417406471874e-02 -4.074651273385004879e-02 -5.433621944176782181e-02 -7.492311767175235948e-02 -1.848786686995799317e-02 1.000000000000000000e+00
-1.141576385522943826e-01 1.068858889495765269e-01 4.680492249969692153e-02 5.478737944840129243e-02 4.539014488953947019e-02 -8.386393275083731114e-02 -4.126871699446352931e-02 -4.429985154730498725e-02 -7.125380079681133128e-02 -1.408839283450494771e-02 1.000000000000000000e+00
1.678672196365819241e-02 -4.788985170282419185e-03 2.592240742021236985e-02 -3.148033559693486777e-02 4.039675192375274081e-03 -2.144126926531896883e-03 6.257513218706657609e-02 6.350995670393264243e-03 4.417999869003730318e-02 1.219701835761099751e-01 1.000000000000000000e+00
-1.781165818948835314e-02 -2.288230949062158848e-02 1.360543818114692133e-02 -4.871788899012565593e-02 -2.587521190702377419e-02 8.651724062019180983e-02 -2.259001684216872113e-02 -1.092501543654769876e-02 4.107112695070023328e-02 1.207889107546437357e-01 1.000000000000000000e+00
-4.640385009953391926e-02 2.706817369381292124e-02 7.100743448693020744e-03 -1.524883845925783382e-02 1.677056077069134787e-02 -9.436737893430217558e-03 -2.272004058888489261e-02 2.199303995963973728e-03 4.323448866482514780e-02 1.207969388246665637e-01 1.000000000000000000e+00
1.469564967255092003e-01 2.872910181532747215e-02 -1.924517765619925035e-03 6.919641527412283277e-02 -3.015436377506994226e-02 8.410176060325022518e-02 -1.194431159093434225e-01 -3.096825609423499090e-02 9.049154103668960447e-02 -5.576653752920628093e-02 1.000000000000000000e+00
-4.721466376178595076e-02 1.853364442277273191e-02 -1.283823814709304234e-01 -5.978271111913996405e-02 -3.844832949900226686e-04 8.320933883009947254e-03 1.346055077430284748e-02 -5.742096777828433612e-02 1.100970746565943653e-01 -5.538660612997012983e-02 1.000000000000000000e+00
-3.824251776905181199e-02 8.983898931511019592e-02 6.343467706071061196e-02 -2.201361038820119978e-02 1.455633439168271537e-01 6.813310333232765192e-02 7.724172000315250586e-02 2.464602074567740983e-02 8.918485690498464957e-02 -5.764733976130342191e-02 1.000000000000000000e+00
-7.540357795178406763e-03 3.950945117509247970e-03 -4.641716946384273623e-02 -1.361078569734751288e-03 -1.097275355136062905e-03 -4.429566198806066807e-02 7.441886319633580875e-03 -3.138403610980793762e-02 9.406428657088132528e-02 -6.431481360763946498e-02 1.000000000000000000e+00
8.057653135086173535e-02 -9.330078128535125581e-02 -2.876997531758184595e-02 9.133488818191923264e-02 5.376058435676541597e-02 -3.360570673309823397e-02 1.236980306679199594e-02 -5.016740500327784846e-02 9.909415103532402680e-02 -6.003352799142337021e-02 1.000000000000000000e+00
1.107150021791439981e-02 8.084915974595562049e-02 9.791289281643068831e-02 -1.697127742560355923e-02 -1.221105734629401255e-03 -6.999698976614811274e-02 8.540649944950562400e-02 4.358436892982854582e-03 9.686187724367198437e-02 -6.139742780289755841e-02 1.000000000000000000e+00
4.862721944993927264e-03 -3.960887884595765129e-02 -2.631952273588613125e-02 1.978455652834889070e-02 -1.883510589930703638e-02 -1.959384355280655021e-02 3.183270573566970157e-02 -3.215790288783493267e-02 1.038575865058073006e-01 -5.791859119376839560e-02 1.000000000000000000e+00
-1.018493515081684980e-01 -3.047390439436926599e-02 -5.132144892596906399e-02 7.668761154525433055e-02 -7.963650483046034664e-03 -4.921474836304767786e-02 1.951965625256366077e-02 -3.732248972427813782e-02 9.810341221284724078e-02 -5.982133231631386883e-02 1.000000000000000000e+00
-2.066530076505448260e-02 -2.256109705990895151e-02 -2.739934064828287996e-02 -1.293246962410185682e-03 1.636811760228176413e-02 -8.413514339079533957e-03 1.133389823107896072e-01 8.549057723165455133e-03 8.746245478907388460e-02 -6.475251993478615964e-02 1.000000000000000000e+00
7.660357381649103570e-02 7.724061136807298944e-02 1.838428875461665599e-02 4.535844259134447221e-02 1.002185466371337957e-01 -6.204489573331477270e-02 4.808328955651458569e-02 -4.039613968020590307e-02 9.769500627515288749e-02 -6.315009777700521243e-02 1.000000000000000000e+00
-5.007192779437719815e-02 -6.340983078353945417e-03 -7.488781676077517491e-02 -3.300035156874246700e-02 -1.672427475478216463e-02 3.782978123283009531e-02 6.464403600215576362e-02 3.105960990129515154e-02 7.490111350474887297e-02 -6.005967070256222617e-02 1.000000000000000000e+00
-3.642724941892101775e-02 -1.238867379235422325e-02 1.056861653323057509e-01 -6.795539177487250337e-02 -6.017961633907027187e-03 4.089645266171800138e-03 4.083932823394018086e-02 -3.507020644927579672e-02 9.473461475826136513e-02 -5.638342877932994018e-02 1.000000000000000000e+00
-1.137631534154649737e-01 8.805189577950402191e-02 -4.794038909488110289e-02 -8.644452441888242356e-02 2.008929523516348944e-02 6.858760763617730016e-02 2.394899008717070107e-02 -3.186453026799361543e-02 9.900963907165555300e-02 -6.185424026297868527e-02 1.000000000000000000e+00
-7.830897352345357609e-02 7.408428106037576177e-02 8.802509466564314988e-02 -5.759052160910732576e-02 -1.107910266887718233e-03 3.094787367112819543e-02 -5.198242175507884061e-02 -2.447523335783736639e-02 1.066489087188942086e-01 -5.254627559433930339e-02 1.000000000000000000e+00
-5.004066486897676413e-02 4.222191190601476407e-02 -3.002183200893714446e-02 3.733194712465408727e-03 3.326574740193994489e-02 8.520640747461914744e-02 -5.178056322520589727e-02 -4.242657959876672963e-02 8.814949825044597620e-02 -6.290589454222184074e-02 1.000000000000000000e+00
3.397891524716607076e-03 5.703896322097164011e-03 -3.735864279572622543e-02 4.568946279118493020e-02 6.155314410577656520e-02 4.296561740004527924e-02 -6.035238867299934362e-02 -4.759278078328933737e-02 9.384094241139946668e-02 -5.846427762069389411e-02 1.000000000000000000e+00
-7.129428224938910708e-02 -5.077827785656878132e-03 -1.337153418649449366e-01 -5.239717011785835488e-02 -2.872790386375876498e-02 -7.880157163307316415e-02 7.464478464972399210e-03 -3.756679932928309873e-02 8.702221629124029523e-02 -5.071531165800780006e-02 1.000000000000000000e+00
3.694439381544782630e-03 3.595519002905477740e-02 2.582419980020476610e-02 7.447350029547408941e-03 9.231864362779673705e-02 5.353015077355207513e-02 -4.085164816289667267e-02 -3.423818501814613474e-02 9.150189683303096289e-02 -6.495057982313545697e-02 1.000000000000000000e+00
-1.160786193107645262e-02 -1.803991477577446614e-02 5.818159800863043248e-03 3.011394704882309342e-02 -3.917098393993009159e-02 -5.794538597386678092e-02 3.632987795582823254e-02 -2.574654807232619816e-02 8.486379778581423783e-02 -5.946592304499603854e-02 1.000000000000000000e+00
-3.258196492375438694e-03 2.517616056892957657e-02 8.805185639215837301e-02 2.698473539640058871e-02 3.385352681640506345e-02 -4.901606027266838111e-02 1.023474823941193483e-02 -9.324122690096659297e-03 9.254208638571943812e-02 -6.413306002215805879e-02 1.000000000000000000e+00
-8.442226385870953836e-03 -3.486177905624155554e-02 -3.979829793636556479e-02 3.480157804002396299e-02 2.651806995898858127e-02 -2.008651438826742838e-02 -2.197660903527298704e-02 -5.023833043786134558e-03 3.808875955171234229e-02 1.210246088194328051e-01 1.000000000000000000e+00
-2.365644941609996998e-02 6.866583290010166984e-02 1.631649491977296001e-02 6.338834354886027644e-02 1.063283250988487525e-03 -1.811960873857042589e-02 8.650487023443426127e-03 3.451713641002528751e-03 4.529593191881170489e-02 1.082910728377957654e-01 1.000000000000000000e+00
5.853790814663008268e-03 3.565484342929692296e-02 -3.333797664910933406e-02 -3.913891369157101313e-02 -2.467383675362637072e-02 5.769523676848704180e-02 5.877521877813801816e-03 -1.802864403312663330e-02 3.841499471166733015e-02 1.159967758224396128e-01 1.000000000000000000e+00
2.632711253034610011e-04 2.323575072589527044e-02 1.507464611764041361e-02 2.279606129875633852e-02 -9.264154276270924679e-03 -1.155322060487510780e-02 5.530500348908536090e-02 1.533547402003511114e-03 4.368670316036232099e-02 1.248394386413328172e-01 1.000000000000000000e+00
3.224400299927338009e-02 3.041643987567923396e-04 5.950597739590524418e-03 4.715329925205488659e-02 -3.253793709633294451e-02 1.834195282581298908e-02 1.370618107533644846e-02 2.428879774188744036e-03 3.400457593441236909e-02 1.256635815529676126e-01 1.000000000000000000e+00
-2.022269570798149174e-02 -2.852308851038356033e-02 2.307311364785363805e-02 -4.075216326168153158e-02 -1.685549205666148076e-02 7.373726605252732547e-02 -3.774013938663686035e-02 -1.506939779232010709e-02 4.418447158705326311e-02 1.235512783355970506e-01 1.000000000000000000e+00
2.841222537078173099e-02 -1.038779365599421523e-01 -8.381020156029851675e-03 1.205313778045370710e-02 2.000344039316027944e-02 5.521963830251901129e-02 -8.726204959221291191e-02 -1.358296587923602319e-02 7.627789622697635219e-02 -6.136019574010656563e-02 1.000000000000000000e+00
-1.149342404565488612e-01 -2.567411152156211934e-02 -4.644807896869151964e-02 5.759255832300828534e-03 -8.526069638638469894e-02 2.021530225764147856e-02 2.396948928757133140e-02 -6.538765342358628108e-02 7.686827191407988313e-02 -6.547193393019173913e-02 1.000000000000000000e+00
8.823716552597503024e-03 -7.353997533094058792e-02 2.021679493895366803e-02 -8.180516211204082178e-02 2.221368455150231347e-02 4.976568354103515224e-02 -3.710567930068374431e-02 -4.413710881270183073e-02 9.681292344642929149e-02 -6.483162473492377897e-02 1.000000000000000000e+00
8.926026256843182238e-02 1.732723615690272626e-02 1.367756513365530301e-02 7.570879092899540468e-03 -3.009470474224602843e-02 1.701763234382447712e-02 9.178181553549432520e-03 -4.495728908749144215e-02 8.322060334084624422e-02 -4.977154558705274012e-02 1.000000000000000000e+00
-1.369994064190001304e-02 1.165456985824060016e-02 -4.692266098641036803e-02 5.585592066338043726e-02 8.044331855792712788e-03 -6.577490824957979432e-02 2.190002655570007922e-03 -4.405790686856355526e-02 8.924398967700369889e-02 -5.855179167514539679e-02 1.000000000000000000e+00
1.449440578662405076e-03 -2.946589660883436670e-02 -9.416307819613070618e-02 1.408582974644309073e-02 1.538623378467727371e-02 1.042679618795603058e-01 -2.481455658663475616e-02 4.157381381071288684e-02 7.041935977921420786e-02 -5.658917628247948223e-02 1.000000000000000000e+00
-2.561128032237228180e-02 -6.866171239095157641e-02 3.217897570135776902e-02 2.393728246662386178e-02 4.450222098478817667e-02 -4.322157127950685546e-02 -5.134169401932429239e-03 -9.937542763972521259e-03 9.763871959245364052e-02 -6.274498870385301907e-02 1.000000000000000000e+00
-3.462324890023549956e-02 -3.247982387868819654e-02 1.808643448169258011e-02 -1.156020105836456056e-02 -2.530631296918658610e-02 9.072548411052953898e-02 -2.006587712656908787e-02 -2.686602461374680215e-02 1.054332560548830039e-01 -6.242753473823954569e-02 1.000000000000000000e+00
3.287555393037688845e-02 -8.969609176834722475e-02 1.140150095008694159e-02 3.479565209415636656e-02 -6.189641669359832732e-02 -1.474822482965953974e-02 2.262195917375794951e-02 2.786127434130505204e-02 7.746254104004414442e-02 -5.483501690432154158e-02 1.000000000000000000e+00
5.330594119672241865e-02 -2.166701298356378536e-02 2.592346716786352381e-02 -7.053823696919007610e-03 -8.079314654651213734e-02 -3.622946242075354706e-03 8.307268517458338275e-02 -3.605360541382159750e-02 9.107011257488012435e-02 -6.201118871242006225e-02 1.000000000000000000e+00
2.556741277904555493e-02 -7.385995537909403885e-02 3.276512973682500773e-02 8.302983024802918291e-03 1.284237307864590297e-02 -4.371270056747031396e-02 4.583384351057685768e-02 -3.230612703141106518e-02 8.429352517236493592e-02 -5.914504916912781407e-02 1.000000000000000000e+00
4.708245686920450868e-02 -3.276780475220590627e-02 -1.726258471254179735e-02 8.767811868830097111e-02 -3.691198440619357368e-02 -5.086518971770610104e-02 -1.027725730984313350e-02 -1.511554623561597345e-02 3.267664351772035791e-02 1.065202626661179292e-01 1.000000000000000000e+00
-2.754264703887568735e-02 -7.126047713381286272e-03 -4.945578434861207240e-02 3.927483815495484004e-02 3.152935960626958994e-02 -6.661413692328999048e-02 3.022805081850064163e-02 -1.110679901117273731e-03 3.393327739854401504e-02 1.077503846759549910e-01 1.000000000000000000e+00
-3.450524752518272648e-02 -5.093596341823896506e-02 -8.065829348360832596e-02 4.212118593178466180e-02 -1.310488774578025956e-02 -5.095352250441237407e-02 7.435667117242745865e-03 7.317670680275296241e-03 7.913525232555587707e-02 -5.688156161273000971e-02 1.000000000000000000e+00
-3.570005848263979598e-02 2.583327583375936987e-02 -9.858997089016675874e-02 9.189379744535721827e-04 -3.062310483203045663e-03 4.964085305770456723e-04 3.366458525270490856e-03 -5.150687284961943252e-02 8.236773976793733409e-02 -5.558686917825734347e-02 1.000000000000000000e+00
-1.451886938544164757e-02 -1.855874095994608855e-02 2.779388649401954431e-02 -2.620584089928563662e-02 -7.666593757602967185e-02 -5.226646256160932119e-02 -2.234255877822865013e-02 8.055963909417494621e-04 1.118321485584838904e-01 -6.586395899334651638e-02 1.000000000000000000e+00
7.793622034945908716e-02 5.544228012644535075e-02 1.861944524914137256e-03 2.189291862169489775e-02 6.209848103166402261e-02 -2.892284349552466660e-02 1.159403996101527300e-02 -4.353752053562626873e-02 9.219671828232491040e-02 -6.427132199354021469e-02 1.000000000000000000e+00
4.809204515246211231e-02 5.032642555290643693e-02 6.536942551204141805e-03 7.781066715983379900e-02 -8.299151925291428644e-02 -3.920305931823231393e-02 -7.809996706780598062e-03 -4.089727970734562124e-02 8.266059073714965288e-02 -6.135288072026787165e-02 1.000000000000000000e+00
-5.558866727200234559e-02 -3.961277510933519652e-02 3.159213062917746312e-02 -1.502311820592048923e-02 -2.691286449039269682e-02 1.154148398533347969e-02 -5.443702413611931079e-02 9.161934821680253402e-03 8.641752598648894113e-02 -5.725067697849470227e-02 1.000000000000000000e+00
-1.624204424310467521e-01 -9.405252891124983583e-02 4.028850350639085615e-02 2.910316992112706169e-02 -6.385704569385908247e-02 8.088640994599223533e-02 -1.619778902115440178e-02 -2.518068598475765862e-02 7.195345438435511720e-02 -6.294840795333576933e-02 1.000000000000000000e+00
1.770883902246493669e-02 -3.616518421408262268e-02 2.356513296200283755e-02 -2.916217764958344699e-02 -3.379796474204914414e-02 -7.063207342322383279e-03 5.085679698785900565e-02 -5.468741236341118778e-02 9.583007476858071416e-02 -7.015615687659723654e-02 1.000000000000000000e+00
7.514429243167350392e-02 -4.779580077354194517e-02 2.018059868528556539e-02 1.775587739057190445e-02 3.057830983826805363e-02 -2.012476955726992880e-02 6.980033048109078597e-02 -3.004464392328221045e-02 9.079268716819592633e-02 -5.927755207718867630e-02 1.000000000000000000e+00
3.600264703680517570e-02 -2.765508520805355294e-02 2.515109503719113737e-02 4.309760682284559385e-02 6.027945170122100960e-02 -5.023786262647254169e-02 1.582011311450701868e-02 3.967735886474767736e-03 3.659588637840780617e-02 1.228528271564989505e-01 1.000000000000000000e+00
2.110469043609326800e-02 -6.649392936614126337e-02 -5.450896064123802315e-02 4.245255291737522890e-03 -6.551540548247556522e-03 3.476126022387272807e-02 5.240125332714539071e-03 -4.817325587130875941e-03 3.847446261704815657e-02 1.276846222606271286e-01 1.000000000000000000e+00
-3.364418251774275309e-02 3.762656420055794648e-02 -2.467970839100007419e-02 -2.430120199428610281e-02 -3.335582567136409580e-03 -3.237830920098795640e-02 -2.341904236153456286e-03 1.717671921202029717e-02 3.813306974285912004e-02 1.188428148825586145e-01 1.000000000000000000e+00
2.112360474777299352e-02 -6.838928036698815188e-03 1.361599515810675218e-02 -3.162083463923900245e-02 -1.911208862507556699e-02 6.888031751086402810e-02 -8.486222894964241467e-03 7.526816561068763040e-03 3.722656778188224158e-02 1.235387725638540518e-01 1.000000000000000000e+00
-1.993234201521192073e-02 4.690915580033809540e-02 -5.249267791085901816e-03 -4.186297552448530607e-02 -2.674031611862011035e-03 -1.633024704644177316e-02 -3.414909862563681982e-04 -1.709469313328663932e-03 3.036463785993820733e-02 1.177736682204436891e-01 1.000000000000000000e+00
3.772132491781869656e-03 -1.328331732026722875e-02 -3.289218247730864991e-02 -4.957707516942628893e-03 1.498493891721141245e-02 -1.394541918182273278e-02 3.801885229209805289e-02 5.057097102256337927e-03 3.523141932616032090e-02 1.323706285907912672e-01 1.000000000000000000e+00
4.733277451532640068e-02 4.398534603190147954e-03 -5.236922920973770962e-02 -1.179181174880572155e-02 2.238365711791237903e-02 -7.924208838364142291e-03 -6.671184336700909483e-03 3.422609997924833114e-03 4.267100029458208849e-02 1.278435406254628537e-01 1.000000000000000000e+00
-6.992378544912129790e-03 -7.411375777068628101e-02 -2.425666904089564604e-02 -5.754031589680697750e-02 -2.993243947747718792e-02 4.493974313198263043e-02 -5.585516339196303082e-02 -1.586931113739581400e-02 3.079503902827880613e-02 1.182854341249316432e-01 1.000000000000000000e+00
1.597399887715957034e-02 2.823017827675508573e-02 7.882175859972855025e-03 8.402596863794965787e-02 6.243981250842269709e-02 -3.938870993309445678e-03 2.105079738752630228e-02 -5.302882243593566840e-04 4.329051364356265030e-02 1.180165718615041881e-01 1.000000000000000000e+00
6.457717062532146446e-02 2.487965165046008079e-02 -4.661076536052090324e-02 -5.461981948532956127e-02 -1.817661548396222113e-02 4.072935025924363968e-03 -2.410943937200590165e-02 1.705952265792029608e-03 3.713486261868829963e-02 1.283490715220866885e-01 1.000000000000000000e+00
-6.000802988480670452e-02 -1.426353245864060877e-03 -2.654300002731646915e-02 4.458039030692535765e-02 7.648323452747293749e-02 -2.176958887103793219e-02 -2.218369774649668613e-02 4.376985805917061288e-03 3.153054128410711504e-02 1.212936264935879083e-01 1.000000000000000000e+00
-3.035373079772637692e-02 4.780465225566564794e-03 4.041389898671366582e-02 -6.593178517381942383e-02 -6.401153839343359797e-02 -2.731110163514641545e-02 2.923272889274409689e-02 9.934914236666135892e-03 4.246993581552245545e-02 1.151173840778390717e-01 1.000000000000000000e+00
-5.222489788800273314e-02 5.018618869054254639e-02 4.405112463811432233e-02 -3.331592693624618046e-02 -3.925637945186859212e-02 -2.301794573474040539e-02 8.360864561561552654e-04 -7.176353778411445443e-03 3.911513743457781939e-02 1.092829554462523001e-01 1.000000000000000000e+00
-6.667833679353554061e-03 -4.029669257232066509e-02 -1.783661317969078425e-02 2.109519156850758054e-02 8.046517538933645533e-03 -2.641085290413386355e-02 -3.511966329749090059e-03 9.112165908649549895e-03 3.364365617101996997e-02 1.051297407324017219e-01 1.000000000000000000e+00
6.323723423616513239e-02 -3.346561474720724516e-02 3.004847159082802213e-02 4.197275516516918437e-02 2.056750477812145650e-02 -8.662846504158783212e-02 2.141576182059624564e-02 -2.986452151925787085e-02 3.762865635315566781e-02 1.058731157464774947e-01 1.000000000000000000e+00
5.749364604291257175e-02 -4.506654514733025862e-04 -4.015855171505334359e-02 6.068859695246238417e-03 -2.353007270447222618e-02 -5.914030845086053201e-02 3.793952818544478467e-03 5.264218451171456294e-03 4.353241159709250740e-02 1.262606967894575882e-01 1.000000000000000000e+00
-4.837862591357420389e-02 7.202423237654433791e-03 1.362617212857700211e-02 -8.851835815775975155e-03 6.170016652590768272e-03 -2.037618981782439095e-02 1.644830927260529027e-02 2.271024481354223454e-02 4.351607052136862580e-02 1.197320030343851094e-01 1.000000000000000000e+00
2.569428663776514646e-02 -7.823225402709502521e-03 -2.773608843918982936e-02 9.505263687180572074e-02 2.434823513770298375e-02 -6.831954383934658870e-02 8.419609563321245327e-03 -2.987750582650459084e-03 3.023908938862476803e-02 1.196435351381661960e-01 1.000000000000000000e+00
2.344081673173629976e-02 9.990545056426139783e-03 6.395060693785907524e-02 -3.815597702099562255e-02 -5.643684464457668359e-02 3.209184031426134259e-02 -4.656318149304548154e-02 -8.622326640708707912e-03 2.354423433660692358e-02 1.065583360528794266e-01 1.000000000000000000e+00
3.371088874032403954e-02 -1.056774626681512667e-02 7.396641660801155094e-02 -4.618721936513128443e-03 5.689447736254817783e-03 -7.810125295923975308e-02 2.868072629273531182e-02 -2.759042146301439805e-02 3.460258442627969777e-02 1.023482017771569913e-01 1.000000000000000000e+00
1.855347904775836443e-02 -6.146453144290842108e-02 -2.971989848247276814e-02 9.045096205876814593e-03 -1.103315112771162745e-02 1.088903284481014359e-02 -7.677422961066880311e-03 1.999161797644037359e-03 3.063371483544304746e-02 9.983103451023592201e-02 1.000000000000000000e+00
-2.192970473931529427e-02 -3.545141030205316984e-02 -6.232828461497509631e-02 -2.550441037549741607e-03 -7.495656664276600586e-03 -6.785704485810045705e-02 3.570324519679775321e-02 1.058448284060613948e-02 3.387205631134126982e-02 1.168025298082043945e-01 1.000000000000000000e+00
6.184669252186705823e-02 6.636767022874279741e-03 -2.915710958664482003e-02 -7.312231598396629062e-02 1.648848871352142156e-02 -2.698487894489129749e-02 1.348510667798631744e-03 7.890845552588541395e-03 3.312259830553156842e-02 1.018810231249301784e-01 1.000000000000000000e+00
-6.366479900344665377e-02 -2.370345262838021230e-02 5.738519585372058029e-02 3.854357088609166454e-02 5.567184535496659363e-03 -1.626252028881947434e-02 -2.908800116085110202e-02 -5.719512016898038904e-03 2.996429724496382091e-02 1.127522489294016383e-01 1.000000000000000000e+00
-4.626800196523901676e-02 2.105794137391051144e-04 -1.986848588614499589e-02 -9.650636073648052047e-04 -7.434458768022692010e-03 3.254571778083052702e-02 2.074686851828585338e-02 -2.739597521102696449e-03 3.865786364929681834e-02 1.172773745050577077e-01 1.000000000000000000e+00
-6.598779376954048981e-02 5.402005986753355762e-03 7.785558802089805053e-02 -1.771762881328803330e-02 -2.438196796455373988e-02 4.024781807935338962e-02 -2.583032484392646516e-02 -1.640441590857523099e-02 3.902450959592498880e-02 1.114204303225444087e-01 1.000000000000000000e+00
5.010642851615274701e-02 -8.324775016446234188e-02 4.366872136092517231e-02 6.072256130633364203e-03 -1.771252035193446664e-02 1.498216529720633634e-02 3.298760304857237952e-02 1.181774262702110431e-02 3.462297368455558022e-02 1.118202646736584371e-01 1.000000000000000000e+00
1.162353661680331184e-02 -2.904013012962433637e-03 -1.045204828206598019e-02 -4.382382354990387030e-02 4.519039503232473443e-02 2.848928130913549323e-02 -2.659609405880465974e-02 -2.932293614508540286e-03 4.190938249810643307e-02 1.211762008383291955e-01 1.000000000000000000e+00
-7.759115600696616169e-03 -7.733911883752708598e-03 1.602943171924081298e-02 6.895353549575702554e-03 2.315676639358633590e-02 8.137954089272196601e-03 -1.173133680147572452e-02 1.942422209888047769e-03 3.253967486046400320e-02 1.205949536304766895e-01 1.000000000000000000e+00
7.112790408101421491e-02 3.588139534748745890e-02 7.473921196133087586e-02 8.212942403142690917e-02 -1.983952191025297254e-02 -5.067727046064233326e-02 -1.407731539286838710e-02 7.062850117921931625e-03 -1.812469344544966401e-02 4.141465152061158533e-02 1.000000000000000000e+00
5.289961396156808021e-02 3.047600100852750071e-02 1.351872836514717707e-02 8.490899004506417824e-02 -9.137758420927247216e-02 3.327260899595079618e-02 9.076074020879576487e-02 -2.052040509823931103e-02 -6.082433132198873660e-02 -2.002830594821633850e-02 1.000000000000000000e+00
5.588241333476521439e-03 -3.835252117283455969e-02 -8.862641762851269922e-02 -3.466396023226466644e-02 -5.348819901698603774e-02 3.111164311771605004e-02 -1.086932885607441723e-01 1.052785152675882741e-01 -1.081054252150435123e-02 -2.863132938802956384e-02 1.000000000000000000e+00
-6.359632663048438161e-02 -1.295637822963408708e-02 -3.994687257790396906e-02 2.260660618345944894e-01 3.162638085461068338e-02 -3.606216010557906915e-02 2.348784189432512326e-02 1.673057069407100639e-01 -1.300924119932192827e-02 -2.485700226795167778e-02 1.000000000000000000e+00
-8.710908871102338025e-02 6.078290945380915300e-02 -6.764465997077732766e-03 4.178750305531880871e-02 -3.943596949015143460e-02 -6.846887263729339868e-02 -8.110250880668037898e-03 1.514776952046014147e-01 8.399952633979342791e-04 -3.490637901444289953e-02 1.000000000000000000e+00
-9.370516871639855694e-02 7.644790102923864142e-03 -9.242499047221672259e-02 -9.952218849095946507e-02 -3.007018746396476760e-02 -3.046156507463933238e-02 -5.135443899387684419e-02 7.870250735119953267e-02 -1.183929307456764793e-02 -2.453361772816341213e-02 1.000000000000000000e+00
-2.557887681570245042e-02 3.045417108511224921e-02 7.746831329190453919e-02 -7.949660132920140232e-02 1.983414549751006534e-02 -4.247870015645831970e-02 -2.371648874844829724e-02 1.565315218043304979e-01 -1.145898085253024487e-02 -3.568499237151494946e-02 1.000000000000000000e+00
-8.584255156661927191e-03 2.655767790182737495e-02 2.159311563250813568e-02 -9.128600446885413999e-02 -1.884690955674887536e-01 -8.703424118563357625e-02 -6.756291281006814031e-02 1.454879218147821923e-02 -1.753449107982725866e-02 -2.979278182756997517e-02 1.000000000000000000e+00
3.663096451145698984e-02 -9.980784847488270023e-03 -9.137429941474248252e-03 9.983804760339420881e-02 -1.135292319349035517e-01 -4.153261156924796527e-02 -3.737763331859784988e-02 2.603797711723879194e-01 1.235171774015163780e-02 -5.273231359961849662e-02 1.000000000000000000e+00
-7.142179486087338325e-02 -6.290383291706312663e-02 2.437536077688952363e-02 8.341931717204605079e-02 -1.727553378537747750e-03 -7.572710788214741251e-02 4.409535069586109635e-02 2.054684397249710581e-01 1.889074288499076543e-03 -3.259662808590892136e-02 1.000000000000000000e+00
1.198342748509957645e-01 3.195804884278341529e-02 1.095228641051745368e-02 6.279452449335687358e-02 -2.986626076936162860e-02 -2.360045145235039124e-02 -1.695329966393900878e-01 -2.443030978056916821e-03 -2.375635803212269165e-02 -9.650192024100336238e-04 1.000000000000000000e+00
-2.311507358550021762e-02 7.353558530307999219e-02 2.249958952560644765e-02 1.166613881036937250e-01 -1.372348686472726551e-02 -2.798778338079889114e-02 -1.262649236043966033e-02 2.282150801010789376e-01 1.106140477012944150e-02 -4.585283368453972608e-02 1.000000000000000000e+00
2.846390147853164465e-02 2.640597992251929316e-02 -6.257097319409363201e-02 1.176908787388512428e-01 -2.291199646802641321e-02 -1.881192667166580595e-02 -2.051994692661013656e-02 6.688873976219601725e-02 -1.630934860221852981e-02 -3.310114316923105926e-02 1.000000000000000000e+00
2.917620220350490567e-03 -7.821591835744828858e-02 -8.179907996829143685e-03 -2.725603140583956335e-02 2.353205550038207222e-02 -9.468806447440937524e-02 -3.101084201175667923e-02 9.063689898408411327e-02 -2.113714286071463264e-02 -3.071300172496223280e-02 1.000000000000000000e+00
-1.820233803977827636e-02 1.602794429132747833e-02 -8.991511247774380822e-02 -1.691067507766228287e-02 2.655557069905105805e-03 1.633920315142439045e-02 -3.598823015070443110e-02 6.391712526408126205e-02 5.010952188645007715e-02 -5.231164941866597168e-02 1.000000000000000000e+00
3.803508389339494561e-02 -1.231368990262464262e-02 -4.262481450047768405e-02 -3.324971117717695490e-02 7.083959760728228416e-02 -2.378440803238979565e-03 -1.812093836040421999e-02 1.479766991432006629e-01 -1.665588934531278932e-03 -2.290300087630288070e-02 1.000000000000000000e+00
4.911220439606004545e-02 -4.360086120076216848e-02 4.969620527232880558e-02 -4.695371796096708961e-02 -1.269141709020890074e-01 -1.172092642223149100e-01 -1.335464967954724247e-01 1.493200772296787993e-01 7.860135263553547774e-03 -4.531544354049598516e-02 1.000000000000000000e+00
8.968233075604099824e-02 -1.168148837533101864e-01 -6.230682071765607927e-02 -7.283926113505743982e-02 4.683114724708995619e-02 -1.196494273987928209e-02 2.317601578142135590e-02 3.114724608491748967e-02 -3.091183667007842834e-02 -2.286832231991910505e-02 1.000000000000000000e+00
9.829239265683427373e-02 3.046565847381859510e-02 1.361933234952355798e-01 1.961715565739219520e-03 -8.938929842901520428e-02 6.185789764778362038e-02 2.692515385476669521e-02 1.916092605663460846e-01 -5.735978741379369654e-04 -1.879569450452299451e-02 1.000000000000000000e+00
4.380081150643348742e-02 -8.864480155485848778e-02 6.448977142403296281e-02 -8.495096149103948530e-03 -4.957786896794902365e-02 -2.469307411998586388e-02 1.144658691408183444e-02 9.087358779004103826e-02 6.163871276975742275e-04 -2.492161983895977220e-02 1.000000000000000000e+00
5.610577049772416669e-02 -9.943031679130370781e-02 5.550706772005902651e-02 -7.728183792858736578e-02 1.357448811763163274e-02 -2.970130362732894755e-02 -2.762171282031648106e-02 1.952109035358466083e-01 -8.556753013904004959e-03 -4.937515853210513311e-02 1.000000000000000000e+00
1.565518896269500401e-02 3.503097300258430774e-02 -4.481265318854562446e-02 -2.661207220845850444e-02 -3.036275748439006342e-02 -3.022002871244146988e-02 -8.062286046168470194e-03 -2.342159267332743697e-02 2.978454067706349725e-02 9.328952378548738267e-02 1.000000000000000000e+00
2.061015319844050619e-02 4.814631327262681310e-02 -6.039018113192972520e-02 -2.627475553221392951e-03 4.575467890133784986e-03 9.501846671940256464e-03 1.374387096399844622e-03 -2.979325377302256828e-02 8.809538163231963107e-03 8.171643948411537461e-02 1.000000000000000000e+00
-1.977592920910533486e-02 3.093984324024884325e-02 7.382918154071436978e-02 5.761410013718137879e-02 5.099998859340589691e-02 8.423041040776287069e-02 -3.458592515515050269e-03 -7.017389474950039979e-03 1.982846067855612016e-02 1.048834342479308956e-01 1.000000000000000000e+00
-2.433761880346951151e-02 5.700996349464455826e-02 4.056771750472533411e-02 -4.344248284813144456e-02 -3.165499031635822524e-02 -4.085923418257206285e-02 2.362107893226117819e-02 7.120195582791985847e-03 4.443549034844325452e-02 1.146562033182011303e-01 1.000000000000000000e+00
4.256294430573755172e-02 -3.860268222730410537e-02 -4.491408285800654182e-02 8.967947908960703651e-02 6.808278314576210466e-02 5.721931196220814836e-02 -4.267969238857158287e-02 -2.862456432804747278e-02 -2.368499244121522601e-02 3.023271695028017028e-02 1.000000000000000000e+00
5.075425740787964379e-02 -6.094005471411535237e-03 -4.886904389754395672e-02 8.072682572872862117e-02 3.353319218336019147e-02 -3.182625501801818885e-02 -6.629905887442083534e-02 -9.258023806314737841e-03 -1.091597423663824909e-02 5.651746820937312427e-02 1.000000000000000000e+00
-2.308777695171383704e-03 5.283896864283885164e-02 5.265533463627260040e-03 -3.662688075135776822e-02 -3.010241939626942878e-02 -2.972162853793812974e-03 -1.172398336138922616e-02 -1.385054622302547660e-02 3.152584898878841441e-02 1.212738183906599126e-01 1.000000000000000000e+00
-8.892326527146313109e-02 -1.846636632182484597e-02 5.917340772692968043e-02 1.546768993476714364e-02 9.958941849851662802e-04 -1.070833170009972014e-03 7.536403336281460256e-04 1.572356918564139783e-02 3.444218866800313056e-02 1.136413590167335286e-01 1.000000000000000000e+00
5.522166169313472150e-02 1.394909472326403763e-02 -3.659348596011693933e-02 -3.462991296476272685e-03 -6.404835286702816044e-02 -1.357072958335759673e-02 3.492532119257922563e-02 5.685602475557364859e-03 4.336822712310844929e-02 1.221587355337524494e-01 1.000000000000000000e+00
6.574036863562993105e-02 4.745795700813846413e-02 -2.900796979173298623e-02 -1.579818470483227918e-02 1.862562687603046968e-02 3.589868408829267887e-02 1.104899334392453608e-01 2.065286491484241982e-01 -2.225678414723053153e-02 -4.064815163872350506e-02 1.000000000000000000e+00
1.220586811901770014e-01 2.817642440229143480e-02 1.680174870160543871e-02 4.777357738326579867e-02 1.975078448171396078e-02 -2.429178613940914319e-02 -1.052572847574389514e-01 1.401733502331128575e-02 -1.583671171815697817e-02 3.303903022314976651e-02 1.000000000000000000e+00
1.040185930303338599e-02 -3.182752205019759306e-02 1.374827723072300986e-02 1.954974332519807817e-02 1.205261179925367146e-02 7.893315827136530849e-02 -2.688655171718635356e-02 9.846000280020007767e-03 5.109464551207460598e-02 1.240559829763528965e-01 1.000000000000000000e+00
9.509155412908426239e-03 1.508477550627933261e-02 -4.097545118039086498e-02 3.777488302305836987e-02 7.661392159982710615e-02 1.427931230019221787e-01 -8.189731668037011567e-03 3.397583979696459228e-02 3.073917567390570087e-04 7.488860597332130942e-02 1.000000000000000000e+00
6.491157265469618687e-02 2.000643948391772273e-02 -1.740840822514225922e-02 2.220076091500767027e-02 8.530498301960252883e-03 6.469854877690724149e-02 -2.343951692200200738e-03 -2.321765221695995182e-02 3.657402124633223756e-02 1.115305010274354469e-01 1.000000000000000000e+00
-3.217671720640128546e-02 -2.922460102719924568e-03 1.354244990907382817e-02 -3.524584554473087633e-02 3.704752060494507365e-03 -4.928837962059906541e-02 -1.256232847010857294e-02 6.188962712472264455e-03 3.843102176457034724e-02 1.128063455562830081e-01 1.000000000000000000e+00
-1.287763771169744137e-02 1.575967267155851254e-02 1.084465208350667703e-02 1.890399102536360898e-02 -3.134287912718195651e-02 1.365247226671354244e-02 5.575152139954646369e-02 -1.241679826166741663e-02 2.335443897180231997e-03 8.547374948036744191e-02 1.000000000000000000e+00
-4.126805360197505906e-02 1.391860510098824437e-02 1.113693716436279027e-02 -2.295039811781131485e-03 -3.546061027980501601e-02 6.527899639873807613e-02 -8.342988946420441766e-04 5.421252305997731162e-03 3.154582543167083752e-02 1.153300164585977367e-01 1.000000000000000000e+00
-2.685872618091517117e-02 1.934578287558410409e-04 -5.101322144420985388e-02 -9.031411421097675085e-02 -3.133070070803088691e-02 2.878246217775708507e-02 -5.652359754992834339e-04 -5.162908666510599223e-03 1.914586800808130767e-03 7.716349635479723135e-02 1.000000000000000000e+00
6.216427796848117415e-02 -2.016583544053679108e-02 6.296471951815890700e-02 -1.289219154379157677e-02 -4.301583123927898988e-02 -7.484222475492942339e-02 -7.546697505203657508e-02 1.145204826710415347e-01 -1.516382902737465309e-02 -2.357571875184643478e-02 1.000000000000000000e+00
-1.740582333458649128e-02 -1.847003324154000703e-02 -1.583772053652103898e-02 -1.614238605635768056e-02 -1.928618002703707483e-03 7.672307851033700887e-02 2.007807082105650745e-02 -1.779964602520541297e-02 -7.041655378097949614e-02 -9.641367994791309737e-03 1.000000000000000000e+00
-6.360199739902056004e-02 4.945290113199382609e-02 1.872085496543891142e-02 -3.131569289011060936e-02 2.472596112520190209e-02 5.751652314108095243e-02 1.117762858077009092e-01 3.480348892286150991e-02 -4.411447618731278997e-02 -1.672706358304670848e-02 1.000000000000000000e+00
7.082340004920650856e-02 -6.160243849143612338e-03 -1.137319569340374675e-02 -5.715144947567147443e-02 -6.228248868434923396e-02 7.512319645587585415e-02 5.980977936675568180e-02 8.754128738036156404e-03 -5.983538655558461039e-02 -1.996786518851317513e-02 1.000000000000000000e+00
-6.444713774617130686e-02 -4.556159031955761551e-02 -4.119291471344928290e-02 -4.757465849204366853e-02 -2.169221436725423530e-02 -8.153499404628894442e-02 -5.297713170349060974e-02 -3.007326548652854148e-02 -6.985719036664715664e-02 -1.667583702647698618e-02 1.000000000000000000e+00
-2.203466628041848147e-02 9.021443380306718926e-03 -6.670433724550441090e-02 -2.260392558789874398e-02 -9.475624140320958178e-03 1.147594385652545533e-02 -5.285619231864993606e-02 -4.897944684046696973e-02 -6.100290528520314892e-02 -7.727872475559477428e-03 1.000000000000000000e+00
-1.291899596692700491e-01 -8.799830473408531972e-02 -3.554239004823431247e-02 -7.334287720617035759e-03 -3.534166731607589484e-02 4.704603940963150710e-02 8.680423723024030536e-02 8.886182252335724646e-03 -5.505259559298063265e-02 -5.199452039798275159e-03 1.000000000000000000e+00
-1.254030285269680522e-02 6.696124915863675697e-02 -3.722900163296714166e-02 2.604994740425831123e-02 -4.195802603401284359e-02 3.402449483789905110e-02 7.196154189839885917e-02 1.102885020502822333e-02 -5.586251352448924623e-02 -1.721131815613539257e-02 1.000000000000000000e+00
3.795820674798554978e-02 -2.314592407580968320e-02 1.299343057637292742e-01 -5.176993380029071279e-02 8.985603012964743508e-02 1.774791548238722205e-01 1.847302618306230146e-02 3.936448588803588555e-02 -6.338312305025982363e-02 -1.918716929846162392e-02 1.000000000000000000e+00
-2.695056353581747055e-02 8.075434077297906355e-02 -2.322260108195710326e-02 6.241433397129353411e-02 -3.343350405027210176e-02 -3.154832203655053013e-02 -5.971816986883185518e-02 -3.677254741048528036e-02 -5.232227974255201919e-02 -1.786585252542176663e-02 1.000000000000000000e+00
-7.352468651970026081e-02 -4.612901407918203883e-02 -3.412534939265268741e-02 -4.351788598776708955e-02 2.614294210720039674e-02 -6.560704046021961777e-02 1.080501407473877101e-01 -2.405076143115772100e-02 -5.052508014910961354e-02 -1.084276628140736290e-02 1.000000000000000000e+00
2.610837295877086600e-02 -5.725190315404163344e-02 -6.428180473032922559e-02 1.105725376975081886e-01 7.889131829749514158e-02 -1.520953335301422904e-01 -1.538707541208233186e-02 -7.184105041816402082e-02 -5.876004334582997368e-02 -1.996558097124477918e-02 1.000000000000000000e+00
-9.710452886296346703e-03 4.733782331390393172e-02 -6.420740304387316522e-02 4.050929881720013830e-03 -2.684695026739575274e-02 -6.495206999296958272e-02 1.134866797681998718e-01 -5.308265415825440953e-02 -5.727890816035348387e-02 -1.398878225854758781e-02 1.000000000000000000e+00
3.514018206876697026e-02 -1.961489901493882471e-01 -2.988516883376822822e-02 4.850888736531620143e-02 1.569895918974287046e-03 1.380122099319029683e-02 7.642332946735820587e-02 -4.664818592791324103e-02 -6.653655528980861877e-02 -3.784405669946819175e-03 1.000000000000000000e+00
2.947473360706277801e-02 1.164923367422769640e-02 -9.309197084790463150e-02 3.852823777356344237e-02 -3.570634365378094754e-02 -1.809397034514189165e-02 3.135584829756406927e-02 -9.741731996726574194e-02 -5.795339274886070896e-02 -1.381746648400825409e-02 1.000000000000000000e+00
-8.537784849854881952e-02 -6.004102901524927677e-02 -1.469409746845547204e-01 -6.431518829715036911e-02 -7.775030252355223659e-02 -7.266627811100477563e-02 5.714337972818078065e-02 -6.151881122125687357e-02 -5.981576454379124164e-02 -1.260918877498808793e-02 1.000000000000000000e+00
-3.613311349521339255e-02 -8.808141319346567133e-02 -7.494244331048705021e-02 -1.665051406083233598e-01 6.283959886824536101e-02 -7.644745514019897492e-02 2.362718009098079691e-03 -4.044286840301781344e-02 -6.793894959840761361e-02 -1.576643005338474249e-02 1.000000000000000000e+00
-3.469087491028743919e-02 4.379162646778134854e-02 6.113373377654864049e-03 6.506898926029061614e-02 9.467313529043908105e-02 -4.078037337762542569e-02 -1.009646150532083481e-02 -2.712881857717756168e-02 -5.659279601710945351e-02 -9.210767627163657725e-03 1.000000000000000000e+00
5.874441010635549076e-03 1.070213979748289163e-01 -4.809770967468076502e-02 -1.542912869209405458e-01 7.629448340808588080e-02 -9.365350811156550326e-02 -4.201351365650617294e-03 -4.090069234101179063e-02 -4.414403891756869813e-02 -1.668145738116204313e-02 1.000000000000000000e+00
6.897962882011257624e-02 7.167153045224199104e-02 -4.496336220164304925e-02 -9.863211506460468903e-02 1.029983269046708116e-01 -6.873472875099134738e-02 -4.805747110637777902e-02 -5.041766530783784589e-02 -5.252886564430690741e-02 -1.773009916183698048e-02 1.000000000000000000e+00
-1.312876419928610261e-01 -5.400910928653621101e-02 -1.369553197707011442e-02 2.835638112879942507e-03 8.568631629835488095e-02 -3.556069728411415110e-02 3.757578614134169520e-02 -3.926691554965505010e-02 -5.624097005726827470e-02 -1.342639847056077175e-02 1.000000000000000000e+00
